# Theory

## Matrices

### RGB to XYZ

```
XYZ = M * RGB
```

```
0.4124564 0.3575761 0.1804375
0.2126729 0.7151522 0.0721750
0.0193339 0.1191920 0.9503041
```

### XYZ D65 to XYZ D50

```
XYZ (D50) = M * XYZ
```

http://brucelindbloom.com/index.html?Eqn_ChromAdapt.html

```
 1.0478112  0.0228866 -0.0501270
 0.0295424  0.9904844 -0.0170491
-0.0092345  0.0150436  0.7521316
```

### RGB to XYZ D50

```
1.6650340000000000 2.2124911000000003 2.2234874000000000
1.6474408999999999 2.1948980000000002 2.2058942999999998
1.4024039000000000 1.9498610000000000 1.9608573000000002
```

### XYZ D50 to XYZ D65

http://brucelindbloom.com/index.html?Eqn_ChromAdapt.html

```
XYZ (D65) = M * XYZ
```

```
 0.9555766 -0.0230393 0.0631636
-0.0282895  1.0099416 0.0210077
 0.0122982 -0.0204830 1.3299098
```

### XYZ to RGB

```
RGB = M * XYZ
```

```
 3.2404542 -1.5371385 -0.4985314
-0.9692660  1.8760108  0.0415560
 0.0556434 -0.2040259  1.0572252
```

### XYZ (D50) to RGB

```
2.1443696000000000 2.1712035999999997 2.6188654000000000
1.8878860999999998 1.9147200999999998 2.3623819000000000
1.8484280000000000 1.8752620000000002 2.3229238000000000
```