# Theory

## Matrices

### RGB to XYZ

```
XYZ = M * RGB
```

```
0.4124564 0.3575761 0.1804375
0.2126729 0.7151522 0.0721750
0.0193339 0.1191920 0.9503041
```

### XYZ D65 to XYZ D50

```
XYZ (D50) = M * XYZ
```

http://brucelindbloom.com/index.html?Eqn_ChromAdapt.html

```
 1.0478112  0.0228866 -0.0501270
 0.0295424  0.9904844 -0.0170491
-0.0092345  0.0150436  0.7521316
```

### RGB to XYZ D50

```
0.436074644619520000 0.38506490738883997 0.14308038013429997
0.222504516109629990 0.71687863757512000 0.06061693873868999
0.013932174553880001 0.09710449680767000 0.71417326495581000
```

### XYZ D50 to XYZ D65

http://brucelindbloom.com/index.html?Eqn_ChromAdapt.html

```
XYZ (D65) = M * XYZ
```

```
 0.9555766 -0.0230393 0.0631636
-0.0282895  1.0099416 0.0210077
 0.0122982 -0.0204830 1.3299098
```

### XYZ to RGB

```
RGB = M * XYZ
```

```
 3.2404542 -1.5371385 -0.4985314
-0.9692660  1.8760108  0.0415560
 0.0556434 -0.2040259  1.0572252
```

### XYZ (D50) to RGB

```
 3.13385604762399 -1.61686649389546000 -0.49061478602705000
-0.97876825230300  1.91614136757508000  0.03345407381436001
 0.07194528863713 -0.22899137264466002  1.40524267684777000
```